H. INDEX 00041015.

suumn 26, 253 ee, 12. ’ Avertens ee,1e; ee, ⁷3 97, 213 101, 2⁷3
Adam 26, 26, 27, 1, 27, 3, 32, 12. 132, 23, 133, 1.
Alexander 3, 22 , 107, 13. Avincebron 24, 20.
Algazee 3, 22. Avineenna 3, 22.
Alipius 78, 14. Chanesn 62, 14.
Andreas 116,12. Eg1d1us13, 13.
Anshelmus 4, 13, 86, 14. Gregorius 22, 16.
Aram 62, 13. Jeronimus 37, 26.
Aristoteles (Philosophus) 14, 2, 20, 23, Joannes 116, 12, 118, 8.
31, 17, 32, 13, 43,12, 60,10, 62, 8, Levi 26, 24.
64, 3, 16, 66, 3, 7, 61, 4, 67, 6, Loth 62, 13, 62, 13.
77,10, 11 [77, 14], 81,1, 22, 83, 7, Lucifer 36, 2, 8.
107, 6, 103, 1. Moyses 16, ’1.
Athanasius 1, 17, 17, 4. . Paulus 34, 8, 16, 16, 130, 32, 131, 7,
Augustinus 1, 18, 4, 13, 6, 16, 16, 11, 14, 13, 23, 24, 33.
16,17, 22,16, 26, 24, 26, 22, 28,1, Peehani 74, 14.
31, e; 10; 32, ²³3 34, 4; 35, 1, eu, Puto u, ιο, 18, 28.
24, 76, 3, 14, 78, 6, 13, 83, 21, Roma 34, 8, 130, 31, 131, 2, 8, 16.
83, 24, 34, 17, 21, 26, 101, 24, Saray 62, 13.
103, 6, 110, 13, 116, 18, 113, 6, Thomas 48, 13, 74, 20.
122, 16, 123, 8, 3, 124, 12, 27, Urso 71, 8.
127, 2. , Wilwarby‘14, 14.

 

